Country,Year,EU,Time,GDP per capita growth (annual %),"Inflation, consumer prices (annual %)"
Albania,1997,0,0,-10.27846136,33.18027438
Albania,1998,0,0,9.697045987,20.64285887
Albania,1999,0,0,14.22231692,0.3894376536
Albania,2000,0,0,7.348638646,0.05001813635
Albania,2001,0,0,8.958087712,3.10758827
Albania,2002,0,0,4.544405729,7.770525834
Albania,2003,0,0,6.169982479,0.4840026118
Albania,2004,0,1,6.152274472,2.280019169
Albania,2005,0,1,6.263275593,2.366581957
Albania,2006,0,1,6.098291604,2.370728319
Albania,2007,0,1,6.703337835,2.932682482
Albania,2008,0,1,8.358297751,3.359242418
Albania,2009,0,1,4.04882152,2.280502222
Albania,2010,0,1,4.226160907,3.552267388
Albania,2011,0,1,2.840939268,3.450347153
Albania,2012,0,1,1.578516449,2.03159594
Albania,2013,0,1,1.235486399,1.937617549
Albania,2014,0,1,1.905470936,1.631777988
Albania,2015,0,1,2.9596528,1.910016978
Albania,2016,0,1,3.62554457,1.282798834
Belarus,1997,0,0,11.87348028,63.93736625
Belarus,1998,0,0,8.916754395,72.86971714
Belarus,1999,0,0,3.835823774,293.6787508
Belarus,2000,0,0,6.299632992,168.6202359
Belarus,2001,0,0,5.263892143,61.13493312
Belarus,2002,0,0,5.716082247,42.53754813
Belarus,2003,0,0,7.794918029,28.39783993
Belarus,2004,0,1,12.21261814,18.10824248
Belarus,2005,0,1,10.14976564,10.33887946
Belarus,2006,0,1,10.67559202,7.033029285
Belarus,2007,0,1,9.099453412,8.421500392
Belarus,2008,0,1,10.58130555,14.83787648
Belarus,2009,0,1,0.4236558914,12.94565634
Belarus,2010,0,1,7.924485559,7.735748043
Belarus,2011,0,1,5.737693114,53.22869831
Belarus,2012,0,1,1.824658036,59.21973602
Belarus,2013,0,1,1.05756313,18.31226104
Belarus,2014,0,1,1.631675443,18.11955435
Belarus,2015,0,1,-4.040684283,13.53448976
Belarus,2016,0,1,-2.82827485,11.83658077
Cyprus,1997,1,0,1.12199773,3.605344444
Cyprus,1998,1,0,3.953117531,2.227707327
Cyprus,1999,1,0,3.662073532,1.63
Cyprus,2000,1,0,4.605801516,4.141657647
Cyprus,2001,1,0,2.489999696,1.977056383
Cyprus,2002,1,0,2.220905652,2.801155052
Cyprus,2003,1,0,1.237982201,4.139065387
Cyprus,2004,1,1,3.180830497,2.286217068
Cyprus,2005,1,1,2.241217562,2.558451986
Cyprus,2006,1,1,2.781022803,2.495874931
Cyprus,2007,1,1,2.61259233,2.372492743
Cyprus,2008,1,1,1.288334269,4.669171081
Cyprus,2009,1,1,-4.374273984,0.3740799757
Cyprus,2010,1,1,-1.29760034,2.381258363
Cyprus,2011,1,1,-2.206049098,3.289449396
Cyprus,2012,1,1,-4.622161162,2.389768958
Cyprus,2013,1,1,-5.733870719,-0.4000530611
Cyprus,2014,1,1,-0.4416611413,-1.354988854
Cyprus,2015,1,1,2.259843017,-2.096997691
Cyprus,2016,1,1,2.675713636,-1.429166667
Czech Republic,1997,1,0,-0.5671774185,8.547794118
Czech Republic,1998,1,0,-0.2215425863,10.62658764
Czech Republic,1999,1,0,1.541748468,2.143130501
Czech Republic,2000,1,0,4.587001957,3.902835019
Czech Republic,2001,1,0,3.439434431,4.705811647
Czech Republic,2002,1,0,1.843217491,1.7850993
Czech Republic,2003,1,0,3.631498248,0.1077087915
Czech Republic,2004,1,1,4.915520518,2.82727114
Czech Republic,2005,1,1,6.295126784,1.846170702
Czech Republic,2006,1,1,6.58751877,2.528104997
Czech Republic,2007,1,1,4.91525179,2.927443471
Czech Republic,2008,1,1,1.862581087,6.350986289
Czech Republic,2009,1,1,-5.382388221,1.044811886
Czech Republic,2010,1,1,1.997474779,1.408717924
Czech Republic,2011,1,1,1.794029518,1.936389149
Czech Republic,2012,1,1,-0.9385536819,3.299073139
Czech Republic,2013,1,1,-0.5166750793,1.434726602
Czech Republic,2014,1,1,2.607037043,0.3371868979
Czech Republic,2015,1,1,4.330325282,0.3447824379
Czech Republic,2016,1,1,2.274997368,0.6393528184
Estonia,1997,1,0,13.08141749,10.58187893
Estonia,1998,1,0,5.122204042,8.208333333
Estonia,1999,1,0,-0.4589018526,3.296110897
Estonia,2000,1,0,9.272802502,4.019980616
Estonia,2001,1,0,7.008174004,5.745330486
Estonia,2002,1,0,6.750389856,3.57128333
Estonia,2003,1,0,8.0924483,1.338289476
Estonia,2004,1,1,6.932086014,3.048071707
Estonia,2005,1,1,10.00143297,4.089689921
Estonia,2006,1,1,10.92405179,4.42991487
Estonia,2007,1,1,8.240845276,6.597638594
Estonia,2008,1,1,-5.165546365,10.36560303
Estonia,2009,1,1,-14.55984099,-0.08477649388
Estonia,2010,1,1,2.492530404,2.975580329
Estonia,2011,1,1,7.924450513,4.977614784
Estonia,2012,1,1,4.68131028,3.934921578
Estonia,2013,1,1,1.776751062,2.788496796
Estonia,2014,1,1,3.09293609,-0.1448155195
Estonia,2015,1,1,1.439351589,-0.4567666535
Estonia,2016,1,1,1.487431326,0.1491089777
Hungary,1997,1,0,3.51419084,18.31412978
Hungary,1998,1,0,4.46171335,14.17506692
Hungary,1999,1,0,3.497702593,10.03092578
Hungary,2000,1,0,4.473366941,9.780586324
Hungary,2001,1,0,4.012410682,9.156272293
Hungary,2002,1,0,4.801061871,5.261540654
Hungary,2003,1,0,4.125570688,4.648457584
Hungary,2004,1,1,5.238170137,6.779959775
Hungary,2005,1,1,4.59069588,3.550808314
Hungary,2006,1,1,4.017592275,3.878312373
Hungary,2007,1,1,0.6040785054,7.935008875
Hungary,2008,1,1,1.066013616,6.066157153
Hungary,2009,1,1,-6.418780943,4.209189843
Hungary,2010,1,1,0.9048996951,4.881345076
Hungary,2011,1,1,2.028121452,3.920735315
Hungary,2012,1,1,-1.093036343,5.667639606
Hungary,2013,1,1,2.398733074,1.721102477
Hungary,2014,1,1,4.32798042,-0.2223150607
Hungary,2015,1,1,3.393718717,-0.07028247574
Hungary,2016,1,1,2.214708195,0.4010415108
Kosovo,1997,0,0,,
Kosovo,1998,0,0,,
Kosovo,1999,0,0,,
Kosovo,2000,0,0,,
Kosovo,2001,0,0,26.88778342,
Kosovo,2002,0,0,-0.7683800162,
Kosovo,2003,0,0,5.908225728,
Kosovo,2004,0,1,2.542539707,
Kosovo,2005,0,1,5.961247148,
Kosovo,2006,0,1,3.667025005,
Kosovo,2007,0,1,6.427746788,
Kosovo,2008,0,1,1.823663863,
Kosovo,2009,0,1,2.514978674,
Kosovo,2010,0,1,2.48306566,
Kosovo,2011,0,1,3.727165334,
Kosovo,2012,0,1,1.997300518,
Kosovo,2013,0,1,2.368689706,
Kosovo,2014,0,1,1.346321005,
Kosovo,2015,0,1,5.069238563,
Kosovo,2016,0,1,2.578291691,
Latvia,1997,1,0,10.0657707,8.437832094
Latvia,1998,1,0,7.53093354,4.658303933
Latvia,1999,1,0,3.457635487,2.358842993
Latvia,2000,1,0,6.427826343,2.648592284
Latvia,2001,1,0,7.845164408,2.478667208
Latvia,2002,1,0,8.35464659,1.923076923
Latvia,2003,1,0,9.483654539,2.956623225
Latvia,2004,1,1,9.524299174,6.21575666
Latvia,2005,1,1,11.89968037,6.723585912
Latvia,2006,1,1,12.92044062,6.5
Latvia,2007,1,1,10.85044327,10.14084507
Latvia,2008,1,1,-2.590561769,15.43052003
Latvia,2009,1,1,-12.90610743,3.471196455
Latvia,2010,1,1,-1.766235303,-1.070663812
Latvia,2011,1,1,8.162750546,4.401154401
Latvia,2012,1,1,5.29714381,2.211472011
Latvia,2013,1,1,4.006402443,0
Latvia,2014,1,1,3.065526601,0.6310570205
Latvia,2015,1,1,3.582865475,0.1791713326
Latvia,2016,1,1,2.83979417,0.117370892
Liechtenstein,1997,0,0,5.490917823,
Liechtenstein,1998,0,0,6.046113943,
Liechtenstein,1999,0,0,8.777099327,
Liechtenstein,2000,0,0,1.858684363,
Liechtenstein,2001,0,0,-1.856600735,
Liechtenstein,2002,0,0,-1.960826795,
Liechtenstein,2003,0,0,-2.781206314,
Liechtenstein,2004,0,1,2.207563416,
Liechtenstein,2005,0,1,3.97686569,
Liechtenstein,2006,0,1,7.751472329,
Liechtenstein,2007,0,1,2.480247925,
Liechtenstein,2008,0,1,0.9716425861,
Liechtenstein,2009,0,1,-1.934407515,
Liechtenstein,2010,0,1,,
Liechtenstein,2011,0,1,,
Liechtenstein,2012,0,1,,
Liechtenstein,2013,0,1,,
Liechtenstein,2014,0,1,,
Liechtenstein,2015,0,1,,
Liechtenstein,2016,0,1,,
Lithuania,1997,1,0,9.095204007,8.877890341
Lithuania,1998,1,0,8.248533939,5.074934299
Lithuania,1999,1,0,-0.4307096172,0.7537093994
Lithuania,2000,1,0,4.564578544,1.00678733
Lithuania,2001,1,0,7.405827885,1.355134954
Lithuania,2002,1,0,7.621237453,0.2983425414
Lithuania,2003,1,0,11.44010186,-1.145753002
Lithuania,2004,1,1,7.753374949,1.181321743
Lithuania,2005,1,1,9.496003072,2.643462936
Lithuania,2006,1,1,9.13481652,3.745037021
Lithuania,2007,1,1,12.41447913,5.730244104
Lithuania,2008,1,1,3.689037016,10.92741147
Lithuania,2009,1,1,-13.86303536,4.451512479
Lithuania,2010,1,1,3.793652566,1.319184445
Lithuania,2011,1,1,8.471690704,4.130300688
Lithuania,2012,1,1,5.236918559,3.089983269
Lithuania,2013,1,1,4.559640683,1.047466621
Lithuania,2014,1,1,4.38873131,0.1037899145
Lithuania,2015,1,1,2.740579952,-0.8841084347
Lithuania,2016,1,1,3.460341795,0.9055215537
"Macedonia, FYR",1997,0,0,0.871213414,1.294364872
"Macedonia, FYR",1998,0,0,2.602603968,0.5441996525
"Macedonia, FYR",1999,0,0,3.549973163,-1.279286576
"Macedonia, FYR",2000,0,0,3.889796634,6.60742291
"Macedonia, FYR",2001,0,0,-3.524390368,5.198885257
"Macedonia, FYR",2002,0,0,1.137772534,2.314597941
"Macedonia, FYR",2003,0,0,1.957466298,1.104111175
"Macedonia, FYR",2004,0,1,4.444893136,0.9268190632
"Macedonia, FYR",2005,0,1,4.495260439,0.1637620324
"Macedonia, FYR",2006,0,1,4.909222197,3.213629296
"Macedonia, FYR",2007,0,1,6.260843719,2.251757983
"Macedonia, FYR",2008,0,1,5.274702773,8.33189667
"Macedonia, FYR",2009,0,1,-0.5354510843,-0.7396339631
"Macedonia, FYR",2010,0,1,3.182205944,1.50997522
"Macedonia, FYR",2011,0,1,2.169233986,3.904754221
"Macedonia, FYR",2012,0,1,-0.6188781081,3.316055589
"Macedonia, FYR",2013,0,1,2.76272375,2.784383849
"Macedonia, FYR",2014,0,1,3.387091337,-0.2810180765
"Macedonia, FYR",2015,0,1,3.524230545,-0.3012790465
"Macedonia, FYR",2016,0,1,2.312527055,-0.2367063524
Malta,1997,1,0,4.463407881,3.11207792
Malta,1998,1,0,4.444568945,2.385251354
Malta,1999,1,0,4.100966532,2.134768888
Malta,2000,1,0,6.083459346,2.369592875
Malta,2001,1,0,-0.1444912739,2.929492443
Malta,2002,1,0,2.217929032,2.188490481
Malta,2003,1,0,1.871518277,1.303837774
Malta,2004,1,1,-0.228933647,2.790828481
Malta,2005,1,1,3.12420097,3.007966525
Malta,2006,1,1,1.45839227,2.773264171
Malta,2007,1,1,3.624422341,1.251349406
Malta,2008,1,1,2.676265866,4.256736946
Malta,2009,1,1,-3.19485642,2.085357332
Malta,2010,1,1,3.035346348,1.516833766
Malta,2011,1,1,1.392353672,2.721905169
Malta,2012,1,1,2.069816026,2.417624644
Malta,2013,1,1,3.505263535,1.374906203
Malta,2014,1,1,2.495036057,0.3115000578
Malta,2015,1,1,5.046396799,1.099931591
Malta,2016,1,1,3.821914949,0.5770546643
Montenegro,1997,0,0,,
Montenegro,1998,0,0,5.220747424,
Montenegro,1999,0,0,-9.151670209,
Montenegro,2000,0,0,3.279116513,
Montenegro,2001,0,0,0.6940290727,
Montenegro,2002,0,0,1.492450997,
Montenegro,2003,0,0,2.091683903,
Montenegro,2004,0,1,4.215153388,
Montenegro,2005,0,1,4.038976049,
Montenegro,2006,0,1,8.431378989,2.924512581
Montenegro,2007,0,1,10.5051754,4.347122157
Montenegro,2008,0,1,6.733006162,8.758727696
Montenegro,2009,0,1,-5.859092999,3.466723732
Montenegro,2010,0,1,2.2761482,0.6549465701
Montenegro,2011,0,1,3.120074956,3.457351505
Montenegro,2012,0,1,-2.805587991,4.023197891
Montenegro,2013,0,1,3.447998942,2.08502196
Montenegro,2014,0,1,1.684948014,-0.7567076178
Montenegro,2015,0,1,3.093328735,1.204454633
Montenegro,2016,0,1,2.397626589,
Norway,1997,0,0,4.715355143,2.580741144
Norway,1998,0,0,2.015176108,2.2556855
Norway,1999,0,0,1.317148037,2.333138905
Norway,2000,0,0,2.53760563,3.08606791
Norway,2001,0,0,1.570033305,3.017377567
Norway,2002,0,0,0.8921369999,1.28814599
Norway,2003,0,0,0.3296465532,2.475397426
Norway,2004,0,1,3.346523465,0.4653911502
Norway,2005,0,1,1.928146093,1.522058824
Norway,2006,0,1,1.573721897,2.332150359
Norway,2007,0,1,1.87020749,0.7289970982
Norway,2008,0,1,-0.8590524186,3.766160764
Norway,2009,0,1,-2.855407949,2.166847237
Norway,2010,0,1,-0.6435047262,2.399257688
Norway,2011,0,1,-0.3325177307,1.300970874
Norway,2012,0,1,1.40809662,0.7092198582
Norway,2013,0,1,-0.2151584463,2.131709174
Norway,2014,0,1,0.7759002894,2.025096285
Norway,2015,0,1,0.5732915213,2.17364832
Norway,2016,0,1,0.2218660897,3.55
Poland,1997,1,0,6.389889149,15.08161686
Poland,1998,1,0,4.577251018,11.72515369
Poland,1999,1,0,4.650899248,7.275
Poland,2000,1,0,5.657245518,10.05981512
Poland,2001,1,0,1.275940705,5.491247883
Poland,2002,1,0,2.088879429,1.90017396
Poland,2003,1,0,3.632392252,0.7879185817
Poland,2004,1,1,5.197185266,3.576547231
Poland,2005,1,1,3.539152891,2.107050758
Poland,2006,1,1,6.246911937,1.114943945
Poland,2007,1,1,7.092943044,2.388059701
Poland,2008,1,1,4.235429345,4.349378235
Poland,2009,1,1,2.750571233,3.825977877
Poland,2010,1,1,3.903294366,2.707452359
Poland,2011,1,1,4.960164012,4.258333333
Poland,2012,1,1,1.606880087,3.556869954
Poland,2013,1,1,1.452043526,1.034269836
Poland,2014,1,1,3.359902139,0.1069518717
Poland,2015,1,1,4.010201215,-0.9913003663
Poland,2016,1,1,2.782567943,-0.609676201
Serbia,1997,0,0,7.485272043,23.30786614
Serbia,1998,0,0,2.819672998,30.1596998
Serbia,1999,0,0,-11.82800173,42.45390546
Serbia,2000,0,0,8.104077481,71.12062879
Serbia,2001,0,0,5.173400781,95.00522581
Serbia,2002,0,0,7.214537509,19.49083216
Serbia,2003,0,0,4.637781779,9.876178897
Serbia,2004,0,1,9.30124667,11.02636272
Serbia,2005,0,1,5.857980049,16.11998065
Serbia,2006,0,1,5.3176496,11.724023
Serbia,2007,0,1,6.318966666,6.391706444
Serbia,2008,0,1,5.816191356,12.41098678
Serbia,2009,0,1,-2.726691699,8.116950922
Serbia,2010,0,1,0.989647482,6.142553602
Serbia,2011,0,1,2.205167184,11.13739763
Serbia,2012,0,1,-0.5337304346,7.330385896
Serbia,2013,0,1,3.072055604,7.694263629
Serbia,2014,0,1,-1.369325965,2.082447939
Serbia,2015,0,1,1.257472005,1.39235822
Serbia,2016,0,1,3.331754464,1.122313974
Slovak Republic,1997,1,0,5.871891186,6.109533469
Slovak Republic,1998,1,0,3.872404906,6.698271907
Slovak Republic,1999,1,0,-0.3068613704,10.57044575
Slovak Republic,2000,1,0,1.347280939,12.03577678
Slovak Republic,2001,1,0,3.505723137,7.329630915
Slovak Republic,2002,1,0,4.560795846,3.32331065
Slovak Republic,2003,1,0,5.488126963,8.554143054
Slovak Republic,2004,1,1,5.280271095,7.548500882
Slovak Republic,2005,1,1,6.740490003,2.709084946
Slovak Republic,2006,1,1,8.447902154,4.483331204
Slovak Republic,2007,1,1,10.76725222,2.756723716
Slovak Republic,2008,1,1,5.53923472,4.598179763
Slovak Republic,2009,1,1,-5.548489764,1.615104641
Slovak Republic,2010,1,1,4.94387255,0.957018133
Slovak Republic,2011,1,1,2.686613637,3.919285991
Slovak Republic,2012,1,1,1.484291761,3.606102635
Slovak Republic,2013,1,1,1.381645185,1.40047369
Slovak Republic,2014,1,1,2.47136056,-0.07616532954
Slovak Republic,2015,1,1,3.732456945,-0.3252197774
Slovak Republic,2016,1,1,3.191866478,-0.5200101963
Slovenia,1997,1,0,5.255806308,8.361769724
Slovenia,1998,1,0,3.511161593,7.913346816
Slovenia,1999,1,0,5.199182272,6.14945348
Slovenia,2000,1,0,3.847511866,8.878803678
Slovenia,2001,1,0,2.787349198,8.422484628
Slovenia,2002,1,0,3.707715748,7.470087529
Slovenia,2003,1,0,2.780091236,5.578801861
Slovenia,2004,1,1,4.284962717,3.589026796
Slovenia,2005,1,1,3.823020815,2.477454396
Slovenia,2006,1,1,5.319372956,2.462561564
Slovenia,2007,1,1,6.34528862,3.611165333
Slovenia,2008,1,1,3.136899703,5.65184627
Slovenia,2009,1,1,-8.626919318,0.8559201141
Slovenia,2010,1,1,0.7972400223,1.840965347
Slovenia,2011,1,1,0.4405022931,1.810579921
Slovenia,2012,1,1,-2.893575004,2.598297643
Slovenia,2013,1,1,-1.221082695,1.760351239
Slovenia,2014,1,1,3.004923037,0.2000748579
Slovenia,2015,1,1,2.239741185,-0.5181261243
Slovenia,2016,1,1,2.426705613,-0.05666572224
Switzerland,1997,0,0,2.065883225,0.5215012396
Switzerland,1998,0,0,2.639340726,0.01700969553
Switzerland,1999,0,0,1.159768637,0.824829932
Switzerland,2000,0,0,3.363610788,1.543392089
Switzerland,2001,0,0,0.8066966088,0.9890203996
Switzerland,2002,0,0,-0.6113013859,0.642699253
Switzerland,2003,0,0,-0.6898334544,0.6383492798
Switzerland,2004,0,1,2.138403618,0.8029030839
Switzerland,2005,0,1,2.380350063,1.171971667
Switzerland,2006,0,1,3.362088347,1.05877759
Switzerland,2007,0,1,3.213801869,0.7326364206
Switzerland,2008,0,1,0.9859083081,2.426637033
Switzerland,2009,0,1,-3.344885787,-0.4805799105
Switzerland,2010,0,1,1.887058094,0.6985101143
Switzerland,2011,0,1,0.6788801791,0.23134621
Switzerland,2012,0,1,-0.01916937137,-0.6925446208
Switzerland,2013,0,1,0.6169283546,-0.2173196618
Switzerland,2014,0,1,0.7599792175,-0.01318604407
Switzerland,2015,0,1,-0.2875490517,-1.143915069
Switzerland,2016,0,1,0.2022166473,-0.4346325631
,,,,,
ID NUMBER,,,,8020255,
